<crs>
	<Name>CH4</Name>
	<Collider>e</Collider>
	<title> CH$_4$  + e $\rightarrow$ H${_{2}}{^{+}}$ </title>
	<Emin>10</Emin>
	<Emax>120000</Emax>
	<Cmax>1E-17</Cmax>
	<Cmin>1E-21</Cmin>
	<plotname>seff_CH4_e_H2p.pdf</plotname>
	<Process name="CH4+e->H2+" electrons="1" threshold="20.230000">
		<Ionization/>
		<legend>H2+ Straub</legend>
		<Emin> 15.0 </Emin>
		<Emax> 1000.0 </Emax>
		<Proc>H2+</Proc>
		<Section>ionization</Section> <!-- total | elastic | ionization | dissociation | excitation | emission -->
		<Source type="measurement">Straub 2004</Source> <!-- types : measurement, bratio, theory, review, adaptation, unknown? -->
		<Notes>Data on website </Notes>
		<Species>
			<Specie name="H2+" state=""/>
		</Species>
		<Egrid unit="eV">
			1.500000e+01	  1.750000e+01	  2.000000e+01	  2.250000e+01	  2.500000e+01
			3.000000e+01	  3.500000e+01	  4.000000e+01	  4.500000e+01	  5.000000e+01
			6.000000e+01	  7.000000e+01	  8.000000e+01	  9.000000e+01	  1.000000e+02
			1.100000e+02	  1.250000e+02	  1.500000e+02	  1.750000e+02	  2.000000e+02
			2.500000e+02	  3.000000e+02	  4.000000e+02	  5.000000e+02	  6.000000e+02
			7.000000e+02	  8.000000e+02	  9.000000e+02	  1.000000e+03
		</Egrid>
		<Cross unit="cm2" uncertainty="7.5%" >
			0.000000e+00	  0.000000e+00	  0.000000e+00	  0.000000e+00	  6.100000e-20
			1.060000e-19	  6.020000e-19	  1.500000e-18	  2.230000e-18	  2.680000e-18
			3.210000e-18	  3.520000e-18	  3.640000e-18	  3.710000e-18	  3.690000e-18
			3.590000e-18	  3.450000e-18	  3.220000e-18	  2.840000e-18	  2.530000e-18
			2.140000e-18	  1.890000e-18	  1.380000e-18	  1.110000e-18	  9.910000e-19
			8.340000e-19	  7.210000e-19	  5.880000e-19	  5.420000e-19
		</Cross>
	</Process>
	<Process name="CH4+e->H2+" electrons="1" threshold="20.230000">
		<Ionization/>
		<Shirai/><!--Shirai et al 2002 analytic cross section -->
		<legend>Shirai</legend>
		<Proc>H2+</Proc>
		<Section>ionization</Section> <!-- total | elastic | ionization | dissociation | excitation | emission -->
		<Source type="review">Shirai 2002</Source> <!-- types : measurement, bratio, theory, review, unknown-->
		<Extrapolated/>
		<Notes>Review of Shirai, based on Straub. Analytic functions. </Notes>
		<uncertainty>20</uncertainty>
		<Species>
			<Specie name="" state=""/>
		</Species>
		<Emin> 25.0 </Emin>
		<Emax> 1000.0 </Emax>
		<Equation type="9" article_id="CH4" article_number="13"/>
		<params>
			4.900000e-03    3.610000e+00    2.570000e-02   -3.900000e-02    4.400000e-02
			1.290000e+00
		</params>
	</Process>
	<Process name="CH4+e->H2+" electrons="1" threshold="20.230000">
		<Ionization/>
		<legend>Straub+Shirai Recommended</legend>
		<Proc>H2+</Proc>
		<Section>ionization</Section> <!-- total | elastic | ionization | dissociation | excitation | emission -->
		<Source type="adaptation">Straub 2004 + Shirai 2002</Source> <!-- types : measurement, bratio, theory, review, adaptation, unknown -->
		<Notes>The data of Straub have been extrapolated with Shirai 2002, hence the estimated uncertainty</Notes>
		<EstimatedUncertainty/>
		<Recommended/>
		<Extrapolated/>
		<Species>
			<Specie name="H2+" state="X"/>
		</Species>
		<Egrid unit="eV">
			1.500000e+01	  1.750000e+01	  2.000000e+01	  2.250000e+01	  2.500000e+01
			3.000000e+01	  3.500000e+01	  4.000000e+01	  4.500000e+01	  5.000000e+01
			6.000000e+01	  7.000000e+01	  8.000000e+01	  9.000000e+01	  1.000000e+02
			1.100000e+02	  1.250000e+02	  1.500000e+02	  1.750000e+02	  2.000000e+02
			2.500000e+02	  3.000000e+02	  4.000000e+02	  5.000000e+02	  6.000000e+02
			7.000000e+02	  8.000000e+02	  9.000000e+02	  1.000000e+03
			1.25000000e+03   1.50000000e+03   1.75000000e+03   2.00000000e+03   2.50000000e+03   
			3.00000000e+03   4.00000000e+03   5.00000000e+03   7.50000000e+03   1.00000000e+04 
			2.00000000e+04   3.00000000e+04   4.00000000e+04   5.00000000e+04   6.00000000e+04   
			7.00000000e+04   8.00000000e+04   9.00000000e+04 1.00000000e+05
		</Egrid>
		<Cross unit="cm2" uncertainty="7.5%" >
			0.000000e+00	  0.000000e+00	  0.000000e+00	  0.000000e+00	  6.100000e-20
			1.060000e-19	  6.020000e-19	  1.500000e-18	  2.230000e-18	  2.680000e-18
			3.210000e-18	  3.520000e-18	  3.640000e-18	  3.710000e-18	  3.690000e-18
			3.590000e-18	  3.450000e-18	  3.220000e-18	  2.840000e-18	  2.530000e-18
			2.140000e-18	  1.890000e-18	  1.380000e-18	  1.110000e-18	  9.910000e-19
			8.340000e-19	  7.210000e-19	  5.880000e-19	  5.420000e-19
			4.26528716e-19   3.41565135e-19   2.82440509e-19   2.39237510e-19   1.80868272e-19   
			1.43679680e-19   9.96992275e-20   7.49889707e-20   4.46031481e-20   3.08200677e-20 
			1.26256531e-20   7.48634522e-21   5.16613559e-21   3.87421877e-21   3.06237228e-21   
			2.51019287e-21   2.11302203e-21   1.81518760e-21   1.58451797e-21
		</Cross>
	</Process>
</crs>
