<crs>
	<Name>CH4</Name>
	<Collider>ph</Collider>
	<RecommendedFile/>
	
	<title>CH$_4$  + $\lambda$ recommended data set</title> 
	<Emin>3</Emin>
	<Emax>20000</Emax>
	<Cmax>1E-16</Cmax>
	<Cmin>1E-29</Cmin>
	<plotname>seff_CH4_ph_recommended.pdf</plotname>
	<lambplotname>seff_CH4_ph_recommendedl.pdf</lambplotname>
	<explotname>seff_CH4_ph_recommended_ex.pdf</explotname>
	<exlambplotname>seff_CH4_ph_recommended_lex.pdf</exlambplotname>


	<CH4>

		<TotalCrs>
			<legend>CH$_4$ + $\lambda$ Total</legend>
			<Source type="review"> PHIDRATES </Source> <!-- types : measurement, bratio, theory, review, adaptation, unknown -->
			<Notes>Adapted nm -> eV, website. Recommended by comparison with other data</Notes>
			<Recommended/>
			<EstimatedUncertainty/>
			<Extrapolated/>
			<Egrid unit="eV">
				4.475964	      5.224787	      5.904010	      6.701849	      7.749013
				7.797748	      7.847101	      7.897083	      7.947705	      7.998981
				8.050922	      8.103542	      8.156855	      8.210874	      8.265613
				8.321087	      8.377311	      8.434299	      8.492068	      8.550634
				8.610014	      8.670224	      8.731282	      8.793206	      8.856014
				8.919727	      8.984362	      9.049942	      9.103098	      9.280254
				9.322120	      9.364366	      9.493430	      9.501433	      9.521133
				9.723488	      9.972187	     10.182671	     10.198585	     10.200263
				10.272947	     10.325993	     10.325993	     10.336323	     10.427603
				10.467218	     10.480490	     10.538394	     10.539289	     10.547359
				10.761583	     10.762517	     10.923718	     10.929496	     11.421852
				11.428168	     11.431330	     11.567848	     11.631879	     11.956046
				11.964122	     12.096020	     12.504710	     12.526187	     12.538855
				12.654031	     12.677321	     12.690297	     12.894873	     12.935232
				12.975845	     12.985358	     13.024919	     13.120021	     13.301599
				13.479474	     13.535393	     13.684790	     13.971625	     14.039656
				14.109958	     14.161531	     14.233062	     14.445322	     14.576087
				14.693553	     14.760024	     14.884058	     14.992044	     15.382655
				15.562219	     16.039353	     16.116496	     16.228298	     16.610959
				17.255978	     17.750064	     18.010488	     18.078769	     18.249073
				18.461018	     18.466518	     18.731561	     18.776950	     19.454605
				19.701923	     20.117508	     20.520391	     20.677819	     21.350818
				21.573725	     22.339495	     23.002635	     23.235420	     23.415335
				23.580107	     24.387136	     26.101937	     26.976545	     27.430133
				28.567788	     29.604632	     33.150856	     34.155427	     34.593806
				40.824564	     44.598633	     49.593680	     78.471013	    123.984200
				196.800317	    290.361124	    309.960500	     311.518090	    392.355063
				525.356780	  12398.420000
			</Egrid>
			<Cross unit="cm2" uncertainty="20%">
				1.000000e-28	  3.000000e-26	  1.000000e-25	  4.000000e-24	  6.000000e-24
				6.400000e-24	  6.800000e-24	  7.100000e-24	  7.400000e-24	  8.100000e-24
				9.200000e-24	  1.200000e-23	  1.600000e-23	  2.300000e-23	  3.800000e-23
				8.600000e-23	  2.800000e-22	  7.900000e-22	  2.800000e-21	  8.000000e-21
				2.200000e-20	  7.800000e-20	  1.600000e-19	  3.600000e-19	  6.800000e-19
				1.200000e-18	  2.200000e-18	  3.200000e-18	  6.850000e-18	  1.000000e-17
				1.100000e-17	  1.300000e-17	  1.400000e-17	  1.400000e-17	  1.400000e-17
				1.600000e-17	  1.800000e-17	  1.900000e-17	  1.600000e-17	  1.750000e-17
				1.800000e-17	  1.900000e-17	  1.750000e-17	  1.900000e-17	  1.610000e-17
				2.000000e-17	  2.300000e-17	  1.700000e-17	  2.510000e-17	  2.300000e-17
				1.890000e-17	  1.840000e-17	  1.890000e-17	  1.750000e-17	  2.910000e-17
				2.620000e-17	  2.700000e-17	  3.200000e-17	  3.100000e-17	  2.950000e-17
				3.100000e-17	  3.300000e-17	  2.910000e-17	  3.800000e-17	  3.360000e-17
				4.100000e-17	  4.100000e-17	  4.400000e-17	  5.600000e-17	  6.000000e-17
				5.600000e-17	  5.600000e-17	  5.600000e-17	  5.460000e-17	  5.200000e-17
				5.170000e-17	  4.650000e-17	  4.950000e-17	  5.200000e-17	  5.100000e-17
				5.100000e-17	  5.070000e-17	  5.240000e-17	  5.120000e-17	  5.100000e-17
				5.200000e-17	  4.750000e-17	  4.850000e-17	  4.820000e-17	  4.700000e-17
				4.740000e-17	  4.620000e-17	  4.300000e-17	  4.770000e-17	  4.140000e-17
				4.200000e-17	  3.780000e-17	  4.040000e-17	  3.940000e-17	  3.610000e-17
				3.960000e-17	  3.780000e-17	  3.560000e-17	  3.660000e-17	  3.530000e-17
				3.520000e-17	  3.410000e-17	  2.980000e-17	  3.130000e-17	  2.790000e-17
				2.970000e-17	  2.500000e-17	  2.500000e-17	  2.120000e-17	  2.160000e-17
				2.380000e-17	  2.300000e-17	  1.970000e-17	  1.820000e-17	  1.960000e-17
				1.610000e-17	  1.680000e-17	  1.310000e-17	  9.800000e-18	  1.170000e-17
				4.000000e-18	  4.000000e-18	  3.700000e-18	  1.300000e-18	  3.700000e-19
				1.500000e-19	  5.900000e-20	  1.300000e-18	  1.000000e-18	  5.300000e-19
				2.600000e-19	  1.000000e-21
			</Cross>
		</TotalCrs>

		<!-- Dissociations -->

		<Process name="CH4 + ph -> CH2(a1A1) + H2" electrons="0" threshold="5.5">
			<Species>
				<Specie name="CH2" state="a1A1"/>
				<Specie name="H2" state="X"/>
			</Species>
			<Proc>CH$_2$($a$$^1$A$^1$) + H$_2$</Proc>
			<Section>dissociation</Section> <!-- total | elastic | ionization | dissociation | excitation | emission -->
			<Source type="review"> PHIDRATES </Source> <!-- types : measurement, bratio, theory, review, adaptation, unknown -->
			<Notes>Adapted nm -> eV, website. Estimate of uncertainty</Notes>
			<EstimatedUncertainty/>
			<Recommended/>
			<texnote title="CH$_2$(a$^1$A$_1$) + H$_2$">
				Photoionization of CH$_4$ yielding CH$_2$ excited + H$_2$ from the review of  \cite{Huebner2015}
				The uncertainty, not claimed by the review, is estimated at 30\%.
				The data, in nm, have been directly adapted in eV.
			</texnote>


			<Egrid unit="eV">
			      4.475964	      5.224787	      5.904010	      6.701849	      7.749013
			      7.797748	      7.847101	      7.897083	      7.947705	      7.998981
			      8.050922	      8.103542	      8.156855	      8.210874	      8.265613
			      8.321087	      8.377311	      8.434299	      8.492068	      8.550634
			      8.610014	      8.670224	      8.731282	      8.793206	      8.856014
			      8.919727	      8.984362	      9.049942	      9.103098	      9.280254
			      9.322120	      9.364366	      9.493430	      9.501433	      9.521133
			      9.723488	      9.972187	     10.182671	     10.198585	     10.200263
			     10.272947	     10.325993	     10.325993	     10.336323	     10.427603
			     10.467218	     10.480490	     10.538394	     10.539289	     10.547359
			     10.761583	     10.762517	     10.923718	     10.929496	     11.421852
			     11.428168	     11.431330	     11.567848	     11.631879	     11.956046
			     11.964122	     12.096020	     12.504710	     12.526187	     12.538855
			     12.654031	     12.677321	     12.690297	     12.894873	     12.935232
			     12.975845	     12.985358	     13.024919	     13.120021	     13.301599
			     13.479474	     13.535393	     13.684790	     13.971625	     14.039656
			     14.109958	     14.161531	     14.233062	     14.445322	     14.576087
			     14.693553	     14.760024	     14.884058	     14.992044	     15.382655
			     15.562219	     16.039353	     16.116496	     16.228298	     16.610959
			     17.255978	     17.750064	     18.010488	     18.078769	     18.249073
			     18.461018	     18.466518	     18.731561	     18.776950	     19.454605
			     19.701923	     20.117508	     20.520391	     20.677819	     21.350818
			     21.573725	     22.339495	     23.002635	     23.235420	     23.415335
			     23.580107	     24.387136	     26.101937	     26.976545	     27.430133
			     28.567788	     29.604632	     33.150856	     34.155427	     34.593806
			     40.824564	     44.598633	     49.593680	     78.471013	    123.984200
			    196.800317	    309.960500	    290.361124	    311.518090	    392.355063
			    525.356780	  12398.420000
			</Egrid>
			<Cross unit="cm2" uncertainty="30%">
			  0.000000e+00	  0.000000e+00	  2.700000e-26	  2.070000e-24	  4.580000e-24
			  4.950000e-24	  5.330000e-24	  5.640000e-24	  5.950000e-24	  6.590000e-24
			  7.570000e-24	  1.000000e-23	  1.350000e-23	  1.960000e-23	  3.230000e-23
			  7.310000e-23	  2.380000e-22	  6.720000e-22	  2.380000e-21	  6.800000e-21
			  1.870000e-20	  6.630000e-20	  1.360000e-19	  3.060000e-19	  5.780000e-19
			  1.020000e-18	  1.870000e-18	  2.720000e-18	  5.820000e-18	  8.390000e-18
			  9.200000e-18	  1.080000e-17	  1.160000e-17	  1.160000e-17	  1.150000e-17
			  1.300000e-17	  1.440000e-17	  9.890000e-18	  8.000000e-18	  8.760000e-18
			  9.240000e-18	  9.930000e-18	  9.150000e-18	  9.970000e-18	  8.700000e-18
			  1.090000e-17	  1.260000e-17	  9.510000e-18	  1.400000e-17	  1.290000e-17
			  1.130000e-17	  1.100000e-17	  1.180000e-17	  1.090000e-17	  2.030000e-17
			  1.830000e-17	  1.890000e-17	  2.300000e-17	  2.250000e-17	  2.130000e-17
			  2.230000e-17	  2.370000e-17	  2.070000e-17	  2.700000e-17	  2.380000e-17
			  2.900000e-17	  2.900000e-17	  3.110000e-17	  3.940000e-17	  4.220000e-17
			  3.930000e-17	  3.930000e-17	  3.930000e-17	  3.820000e-17	  2.970000e-17
			  2.660000e-17	  2.320000e-17	  2.270000e-17	  1.970000e-17	  1.820000e-17
			  1.820000e-17	  1.640000e-17	  1.650000e-17	  1.270000e-17	  1.100000e-17
			  9.780000e-18	  8.220000e-18	  6.690000e-18	  5.830000e-18	  2.880000e-18
			  2.580000e-18	  3.180000e-19	  0.000000e+00	  0.000000e+00	  0.000000e+00
			  0.000000e+00	  0.000000e+00	  0.000000e+00	  0.000000e+00	  0.000000e+00
			  0.000000e+00	  0.000000e+00	  0.000000e+00	  0.000000e+00	  0.000000e+00
			  0.000000e+00	  0.000000e+00	  0.000000e+00	  0.000000e+00	  0.000000e+00
			  0.000000e+00	  0.000000e+00	  0.000000e+00	  0.000000e+00	  0.000000e+00
			  0.000000e+00	  0.000000e+00	  0.000000e+00	  0.000000e+00	  0.000000e+00
			  0.000000e+00	  0.000000e+00	  0.000000e+00	  0.000000e+00	  0.000000e+00
			  0.000000e+00	  0.000000e+00	  0.000000e+00	  0.000000e+00	  0.000000e+00
			  0.000000e+00	  0.000000e+00	  0.000000e+00	  0.000000e+00	  0.000000e+00
			  0.000000e+00	  0.000000e+00
			</Cross>
		</Process>

		<Process name="CH4 + ph -> CH2 + 2 H" electrons="0" threshold="9.4">
			<Species>
				<Specie name="CH2" state="X"/>
				<Specie name="H" state="X" number="2"/>
			</Species>

			<Proc>CH$_2$ + 2 H</Proc>
			<Section>dissociation</Section> <!-- total | elastic | ionization | dissociation | excitation | emission -->
			<Source type="review"> PHIDRATES </Source> <!-- types : measurement, bratio, theory, review, adaptation, unknown -->
			<Notes>Adapted nm -> eV, website. Estimate of uncertainty</Notes>
			<EstimatedUncertainty/>
			<Recommended/>
			<texnote title="CH$_2$ + 2 H">
				Photoionization of CH$_4$ yielding CH$_2$ + 2 H from the review of \cite{Huebner2015}.
				The uncertainty, not claimed by the review, is estimated at 30\%.
				The data, in nm, have been directly adapted in eV.
			</texnote>



			<Egrid unit="eV">
			      9.322120	      9.364366	      9.493430	      9.501433	      9.521133
			      9.723488	      9.972187	     10.182671	     10.198585	     10.200263
			     10.272947	     10.325993	     10.325993	     10.336323	     10.427603
			     10.467218	     10.480490	     10.538394	     10.539289	     10.547359
			     10.761583	     10.762517	     10.923718	     10.929496	     11.421852
			     11.428168	     11.431330	     11.567848	     11.631879	     11.956046
			     11.964122	     12.096020	     12.504710	     12.526187	     12.538855
			     12.654031	     12.677321	     12.690297	     12.894873	     12.935232
			     12.975845	     12.985358	     13.024919	     13.120021	     13.301599
			     13.479474	     13.535393	     13.684790	     13.971625	     14.039656
			     14.109958	     14.161531	     14.233062	     14.445322	     14.576087
			     14.693553	     14.760024	     14.884058	     14.992044	     15.382655
			     15.562219	     16.039353	     16.116496	     16.228298	     16.610959
			     17.255978	     17.750064	     18.010488	     18.078769	     18.249073
			     18.461018	     18.466518	     18.731561	     18.776950	     19.454605
			     19.701923	     20.117508	     20.520391	     20.677819	     21.350818
			     21.573725	     22.339495	     23.002635	     23.235420	     23.415335
			     23.580107	     24.387136	     26.101937	     26.976545	     27.430133
			     28.567788	     29.604632	     33.150856	     34.155427	     34.593806
			     40.824564	     44.598633	     49.593680	     78.471013	    123.984200
			    196.800317	    309.960500	    290.361124	    311.518090	    392.355063
			    525.356780	  12398.420000
			</Egrid>
			<Cross unit="cm2" uncertainty="30%">
			  0.000000e+00	  0.000000e+00	  2.870000e-19	  3.060000e-19	  3.550000e-19
			  9.600000e-19	  1.810000e-18	  7.080000e-18	  6.400000e-18	  6.990000e-18
			  6.780000e-18	  6.840000e-18	  6.300000e-18	  6.780000e-18	  5.300000e-18
			  6.350000e-18	  7.210000e-18	  5.030000e-18	  7.430000e-18	  6.750000e-18
			  4.380000e-18	  4.250000e-18	  3.520000e-18	  3.230000e-18	  1.600000e-18
			  1.400000e-18	  1.420000e-18	  5.990000e-19	  1.880000e-19	  2.080000e-19
			  2.180000e-19	  2.340000e-19	  2.100000e-19	  2.750000e-19	  2.430000e-19
			  2.980000e-19	  2.980000e-19	  3.200000e-19	  4.110000e-19	  4.410000e-19
			  4.130000e-19	  4.130000e-19	  4.130000e-19	  4.050000e-19	  3.880000e-19
			  3.880000e-19	  3.500000e-19	  3.740000e-19	  3.970000e-19	  3.900000e-19
			  3.910000e-19	  3.900000e-19	  4.040000e-19	  3.970000e-19	  3.970000e-19
			  4.060000e-19	  3.720000e-19	  3.810000e-19	  3.800000e-19	  3.740000e-19
			  3.790000e-19	  9.240000e-20	  0.000000e+00	  0.000000e+00	  0.000000e+00
			  0.000000e+00	  0.000000e+00	  0.000000e+00	  0.000000e+00	  0.000000e+00
			  0.000000e+00	  0.000000e+00	  0.000000e+00	  0.000000e+00	  0.000000e+00
			  0.000000e+00	  0.000000e+00	  0.000000e+00	  0.000000e+00	  0.000000e+00
			  0.000000e+00	  0.000000e+00	  0.000000e+00	  0.000000e+00	  0.000000e+00
			  0.000000e+00	  0.000000e+00	  0.000000e+00	  0.000000e+00	  0.000000e+00
			  0.000000e+00	  0.000000e+00	  0.000000e+00	  0.000000e+00	  0.000000e+00
			  0.000000e+00	  0.000000e+00	  0.000000e+00	  0.000000e+00	  0.000000e+00
			  0.000000e+00	  0.000000e+00	  0.000000e+00	  0.000000e+00	  0.000000e+00
			  0.000000e+00	  0.000000e+00
			</Cross>
		</Process>

		<Process name="CH4 + ph -> CH3 + H" electrons="0" threshold="4">

			<Species>
				<Specie name="CH3" state="X"/>
				<Specie name="H" state="X"/>
			</Species>
			<Proc>CH$_3$ + H</Proc>
			<Section>dissociation</Section> <!-- total | elastic | ionization | dissociation | excitation | emission -->
			<Source type="review"> PHIDRATES </Source> <!-- types : measurement, bratio, theory, review, adaptation, unknown -->
			<Notes>Adapted nm -> eV, website. Estimate of uncertainty</Notes>
			<EstimatedUncertainty/>
			<Recommended/>
			<texnote title="CH$_3$">
				Photoionization of CH$_4$ yielding CH3 + H from the review of PHIDRATES  \cite{Huebner2015}.
				The uncertainty, not claimed by the review, is estimated at 30\%.
				The data, in nm, have been directly adapted in eV.
			</texnote>
			<Egrid unit="eV">
			      4.475964	      5.224787	      5.904010	      6.701849	      7.749013
			      7.797748	      7.847101	      7.897083	      7.947705	      7.998981
			      8.050922	      8.103542	      8.156855	      8.210874	      8.265613
			      8.321087	      8.377311	      8.434299	      8.492068	      8.550634
			      8.610014	      8.670224	      8.731282	      8.793206	      8.856014
			      8.919727	      8.984362	      9.049942	      9.103098	      9.280254
			      9.322120	      9.364366	      9.493430	      9.501433	      9.521133
			      9.723488	      9.972187	     10.182671	     10.198585	     10.200263
			     10.272947	     10.325993	     10.325993	     10.336323	     10.427603
			     10.467218	     10.480490	     10.538394	     10.539289	     10.547359
			     10.761583	     10.762517	     10.923718	     10.929496	     11.421852
			     11.428168	     11.431330	     11.567848	     11.631879	     11.956046
			     11.964122	     12.096020	     12.504710	     12.526187	     12.538855
			     12.654031	     12.677321	     12.690297	     12.894873	     12.935232
			     12.975845	     12.985358	     13.024919	     13.120021	     13.301599
			     13.479474	     13.535393	     13.684790	     13.971625	     14.039656
			     14.109958	     14.161531	     14.233062	     14.445322	     14.576087
			     14.693553	     14.760024	     14.884058	     14.992044	     15.382655
			     15.562219	     16.039353	     16.116496	     16.228298	     16.610959
			     17.255978	     17.750064	     18.010488	     18.078769	     18.249073
			     18.461018	     18.466518	     18.731561	     18.776950	     19.454605
			     19.701923	     20.117508	     20.520391	     20.677819	     21.350818
			     21.573725	     22.339495	     23.002635	     23.235420	     23.415335
			     23.580107	     24.387136	     26.101937	     26.976545	     27.430133
			     28.567788	     29.604632	     33.150856	     34.155427	     34.593806
			     40.824564	     44.598633	     49.593680	     78.471013	    123.984200
			    196.800317	    309.960500	    290.361124	    311.518090	    392.355063
			    525.356780	  12398.420000
			</Egrid>
			<Cross unit="cm2" uncertainty="30%">
			  1.000000e-28	  3.000000e-26	  7.300000e-26	  1.930000e-24	  1.420000e-24
			  1.450000e-24	  1.470000e-24	  1.460000e-24	  1.450000e-24	  1.510000e-24
			  1.630000e-24	  2.000000e-24	  2.510000e-24	  3.450000e-24	  5.700000e-24
			  1.290000e-23	  4.200000e-23	  1.190000e-22	  4.200000e-22	  1.200000e-21
			  3.300000e-21	  1.170000e-20	  2.400000e-20	  5.400000e-20	  1.020000e-19
			  1.800000e-19	  3.300000e-19	  4.800000e-19	  1.030000e-18	  1.240000e-18
			  1.290000e-18	  1.450000e-18	  1.310000e-18	  1.290000e-18	  1.250000e-18
			  9.940000e-19	  5.400000e-19	  3.930000e-19	  3.200000e-19	  3.520000e-19
			  4.300000e-19	  5.060000e-19	  4.670000e-19	  5.170000e-19	  5.130000e-19
			  6.770000e-19	  7.940000e-19	  6.360000e-19	  9.400000e-19	  8.700000e-19
			  9.120000e-19	  8.880000e-19	  1.050000e-18	  9.810000e-19	  2.260000e-18
			  2.050000e-18	  2.110000e-18	  2.680000e-18	  2.670000e-18	  2.690000e-18
			  2.830000e-18	  3.150000e-18	  3.140000e-18	  4.120000e-18	  3.660000e-18
			  4.600000e-18	  4.630000e-18	  4.980000e-18	  6.660000e-18	  7.200000e-18
			  6.780000e-18	  6.800000e-18	  6.860000e-18	  6.820000e-18	  5.200000e-18
			  4.650000e-18	  4.140000e-18	  4.010000e-18	  3.400000e-18	  3.230000e-18
			  3.210000e-18	  2.940000e-18	  2.840000e-18	  2.270000e-18	  1.920000e-18
			  1.720000e-18	  1.450000e-18	  1.180000e-18	  1.020000e-18	  4.930000e-19
			  4.470000e-19	  6.280000e-20	  0.000000e+00	  0.000000e+00	  0.000000e+00
			  0.000000e+00	  0.000000e+00	  0.000000e+00	  0.000000e+00	  0.000000e+00
			  0.000000e+00	  0.000000e+00	  0.000000e+00	  0.000000e+00	  0.000000e+00
			  0.000000e+00	  0.000000e+00	  0.000000e+00	  0.000000e+00	  0.000000e+00
			  0.000000e+00	  0.000000e+00	  0.000000e+00	  0.000000e+00	  0.000000e+00
			  0.000000e+00	  0.000000e+00	  0.000000e+00	  0.000000e+00	  0.000000e+00
			  0.000000e+00	  0.000000e+00	  0.000000e+00	  0.000000e+00	  0.000000e+00
			  0.000000e+00	  0.000000e+00	  0.000000e+00	  0.000000e+00	  0.000000e+00
			  0.000000e+00	  0.000000e+00	  0.000000e+00	  0.000000e+00	  0.000000e+00
			  0.000000e+00	  0.000000e+00
			</Cross>
		</Process>

	<Process name="CH4 + ph -> CH + H2 + H" electrons="0" threshold="9">
			<Species>
				<Specie name="CH" state="X"/>
				<Specie name="H2" state="X"/>
				<Specie name="H" state="X"/>
			</Species>
			<Proc>CH + H$_2$ + H</Proc>
			<Section>dissociation</Section> <!-- total | elastic | ionization | dissociation | excitation | emission -->
			<Source type="review"> PHIDRATES </Source> <!-- types : measurement, bratio, theory, review, adaptation, unknown -->
			<Notes>Adapted nm -> eV, website. Estimate of uncertainty</Notes>
			<EstimatedUncertainty/>
			<Recommended/>
			<texnote title="CH + H$_2$ + H">
				Photoionization of CH$_4$ yielding CH + H$_2$ + H from the review of PHIDRATES.
				The uncertainty, not claimed by the review, is estimated at 30\%.
				The data, in nm, have been directly adapted in eV.
			</texnote>

			<Egrid unit="eV">
			      8.919727	      8.984362	      9.049942	      9.103098	      9.280254
			      9.322120	      9.364366	      9.493430	      9.501433	      9.521133
			      9.723488	      9.972187	     10.182671	     10.198585	     10.200263
			     10.272947	     10.325993	     10.325993	     10.336323	     10.427603
			     10.467218	     10.480490	     10.538394	     10.539289	     10.547359
			     10.761583	     10.762517	     10.923718	     10.929496	     11.421852
			     11.428168	     11.431330	     11.567848	     11.631879	     11.956046
			     11.964122	     12.096020	     12.504710	     12.526187	     12.538855
			     12.654031	     12.677321	     12.690297	     12.894873	     12.935232
			     12.975845	     12.985358	     13.024919	     13.120021	     13.301599
			     13.479474	     13.535393	     13.684790	     13.971625	     14.039656
			     14.109958	     14.161531	     14.233062	     14.445322	     14.576087
			     14.693553	     14.760024	     14.884058	     14.992044	     15.382655
			     15.562219	     16.039353	     16.116496	     16.228298	     16.610959
			     17.255978	     17.750064	     18.010488	     18.078769	     18.249073
			     18.461018	     18.466518	     18.731561	     18.776950	     19.454605
			     19.701923	     20.117508	     20.520391	     20.677819	     21.350818
			     21.573725	     22.339495	     23.002635	     23.235420	     23.415335
			     23.580107	     24.387136	     26.101937	     26.976545	     27.430133
			     28.567788	     29.604632	     33.150856	     34.155427	     34.593806
			     40.824564	     44.598633	     49.593680	     78.471013	    123.984200
			    196.800317	    309.960500	    290.361124	    311.518090	    392.355063
			    525.356780	  12398.420000
			</Egrid>
			<Cross unit="cm2" uncertainty="30%">
			  0.000000e+00	  0.000000e+00	  0.000000e+00	  0.000000e+00	  3.720000e-19
			  5.040000e-19	  7.070000e-19	  8.360000e-19	  8.390000e-19	  8.440000e-19
			  1.030000e-18	  1.250000e-18	  1.630000e-18	  1.280000e-18	  1.400000e-18
			  1.550000e-18	  1.720000e-18	  1.580000e-18	  1.730000e-18	  1.580000e-18
			  2.030000e-18	  2.360000e-18	  1.820000e-18	  2.680000e-18	  2.470000e-18
			  2.340000e-18	  2.280000e-18	  2.560000e-18	  2.380000e-18	  4.930000e-18
			  4.450000e-18	  4.590000e-18	  5.720000e-18	  5.640000e-18	  5.350000e-18
			  5.620000e-18	  5.930000e-18	  5.080000e-18	  6.620000e-18	  5.850000e-18
			  7.080000e-18	  7.070000e-18	  7.580000e-18	  9.520000e-18	  1.020000e-17
			  9.470000e-18	  9.470000e-18	  9.440000e-18	  9.150000e-18	  6.740000e-18
			  6.070000e-18	  5.320000e-18	  5.220000e-18	  4.570000e-18	  4.240000e-18
			  4.250000e-18	  3.820000e-18	  4.770000e-18	  2.960000e-18	  2.530000e-18
			  2.240000e-18	  1.880000e-18	  1.500000e-18	  1.300000e-18	  4.300000e-19
			  3.540000e-19	  2.310000e-21	  0.000000e+00	  0.000000e+00	  0.000000e+00
			  0.000000e+00	  0.000000e+00	  0.000000e+00	  0.000000e+00	  0.000000e+00
			  0.000000e+00	  0.000000e+00	  0.000000e+00	  0.000000e+00	  0.000000e+00
			  0.000000e+00	  0.000000e+00	  0.000000e+00	  0.000000e+00	  0.000000e+00
			  0.000000e+00	  0.000000e+00	  0.000000e+00	  0.000000e+00	  0.000000e+00
			  0.000000e+00	  0.000000e+00	  0.000000e+00	  0.000000e+00	  0.000000e+00
			  0.000000e+00	  0.000000e+00	  0.000000e+00	  0.000000e+00	  0.000000e+00
			  0.000000e+00	  0.000000e+00	  0.000000e+00	  0.000000e+00	  0.000000e+00
			  0.000000e+00	  0.000000e+00	  0.000000e+00	  0.000000e+00	  0.000000e+00
			  0.000000e+00	  0.000000e+00
			</Cross>
		</Process>




		<!-- Ionizations -->
		<Process name="CH4 + ph -> H+ + CH3" electrons="1" threshold="18">
			<Species>
				<Specie name="CH3" state="X"/>
				<Specie name="H+" state="X"/>
			</Species>
			<Proc>H$^+$ + CH$_3$</Proc>
			<Section>ionization</Section> <!-- total | elastic | ionization | dissociation | excitation | emission -->
			<Source type="review"> PHIDRATES </Source> <!-- types : measurement, bratio, theory, review, adaptation, unknown -->
			<Notes>Adapted nm -> eV, website. Estimate of uncertainty</Notes>
			<EstimatedUncertainty/>
			<Egrid unit="eV">
			     17.255978	     17.750064	     18.010488	     18.078769	     18.249073
			     18.461018	     18.466518	     18.731561	     18.776950	     19.454605
			     19.701923	     20.117508	     20.520391	     20.677819	     21.350818
			     21.573725	     22.339495	     23.002635	     23.235420	     23.415335
			     23.580107	     24.387136	     26.101937	     26.976545	     27.430133
			     28.567788	     29.604632	     33.150856	     34.155427	     34.593806
			     40.824564	     44.598633	     49.593680	     78.471013	    123.984200
			    196.800317	    290.361124	    309.960500	    311.518090	    392.355063
			    525.356780	  12398.420000
			</Egrid>
			<Cross unit="cm2" uncertainty="30%">
			  0.000000e+00	  0.000000e+00	  0.000000e+00	  0.000000e+00	  8.180000e-21
			  1.990000e-20	  1.930000e-20	  3.010000e-20	  3.300000e-20	  6.060000e-20
			  7.040000e-20	  6.820000e-20	  5.960000e-20	  6.260000e-20	  5.820000e-20
			  6.650000e-20	  6.860000e-20	  1.030000e-19	  9.710000e-20	  1.010000e-19
			  1.130000e-19	  1.220000e-19	  1.480000e-19	  1.640000e-19	  1.830000e-19
			  2.550000e-19	  4.000000e-19	  6.680000e-19	  5.860000e-19	  7.430000e-19
			  4.280000e-19	  4.600000e-19	  4.570000e-19	  1.970000e-19	  6.280000e-20
			  2.710000e-20	  1.110000e-20	  2.430000e-19	  1.880000e-19	  1.010000e-19
			  5.020000e-20	  2.000000e-22
			</Cross>
		</Process>
		<Process name="CH4 + ph -> CH+ +e" electrons="1" threshold="20">
			<Species>
				<Specie name="CH+" state="X"/>
				<Specie name="H2" state="X"/>
				<Specie name="H" state="X"/>
			</Species>
			<Proc>CH$^+$ + H$_2$ + H + e</Proc>
			<legend>CH$^+$ + H$_2$ + H + e</legend>
			<Section>ionization</Section> <!-- total | elastic | ionization | dissociation | excitation | emission -->
			<Source type="review"> PHIDRATES </Source> <!-- types : measurement, bratio, theory, review, adaptation, unknown -->
			<Notes>Adapted nm -> eV, website. Estimate of uncertainty</Notes>
			<EstimatedUncertainty/>
			<Egrid unit="eV">
				19.701923	     20.117508	     20.520391	     20.677819	     21.350818
				21.573725	     22.339495	     23.002635	     23.235420	     23.415335
				23.580107	     24.387136	     26.101937	     26.976545	     27.430133
				28.567788	     29.604632	     33.150856	     34.155427	     34.593806
				40.824564	     44.598633	     49.593680	     78.471013	    123.984200
				196.800317	    290.361124	    309.960500	    311.518090	    392.355063
				525.356780	  12398.420000
			</Egrid>
			<Cross unit="cm2" uncertainty="30%">
				0.000000e+00	  9.790000e-21	  1.650000e-20	  2.050000e-20	  3.030000e-20
				3.680000e-20	  4.360000e-20	  6.870000e-20	  6.700000e-20	  7.250000e-20
				8.410000e-20	  9.200000e-20	  1.180000e-19	  1.470000e-19	  1.840000e-19
				2.030000e-19	  2.590000e-19	  2.890000e-19	  2.390000e-19	  2.970000e-19
				1.490000e-19	  2.040000e-19	  2.440000e-19	  1.500000e-19	  5.430000e-20
				2.500000e-20	  1.060000e-20	  2.310000e-19	  1.790000e-19	  9.730000e-20
				4.880000e-20	  2.000000e-22
			</Cross>
		</Process>
		<Process name="CH4 + ph -> CH2+ +H2" electrons="1" threshold="15">
			<Species>
				<Specie name="CH2+" state="X"/>
				<Specie name="H2" state="X"/>
			</Species>
			<legend>CH$_2$$^+$ + H$_2$ + e</legend>
			<Proc>CH$_2$$^+$ + H$_2$ + e</Proc>
			<Section>ionization</Section> <!-- total | elastic | ionization | dissociation | excitation | emission -->
			<Source type="review"> PHIDRATES </Source> <!-- types : measurement, bratio, theory, review, adaptation, unknown -->
			<Notes>Adapted nm -> eV, website. Estimate of uncertainty</Notes>
			<EstimatedUncertainty/>
			<Egrid unit="ev">
			     14.693553	     14.760024	     14.884058	     14.992044	     15.382655
			     15.562219	     16.039353	     16.116496	     16.228298	     16.610959
			     17.255978	     17.750064	     18.010488	     18.078769	     18.249073
			     18.461018	     18.466518	     18.731561	     18.776950	     19.454605
			     19.701923	     20.117508	     20.520391	     20.677819	     21.350818
			     21.573725	     22.339495	     23.002635	     23.235420	     23.415335
			     23.580107	     24.387136	     26.101937	     26.976545	     27.430133
			     28.567788	     29.604632	     33.150856	     34.155427	     34.593806
			     40.824564	     44.598633	     49.593680	     78.471013	    123.984200
			    196.800317	    290.361124	    309.960500	     311.518090	    392.355063
			    525.356780	  12398.420000
			</Egrid>
			<Cross unit="cm2" uncertainty="30%">
			  0.000000e+00	  0.000000e+00	  0.000000e+00	  0.000000e+00	  4.750000e-19
			  5.970000e-19	  1.280000e-18	  1.200000e-18	  1.340000e-18	  1.190000e-18
			  1.300000e-18	  1.240000e-18	  1.360000e-18	  1.340000e-18	  1.240000e-18
			  1.390000e-18	  1.320000e-18	  1.270000e-18	  1.310000e-18	  1.320000e-18
			  1.340000e-18	  1.330000e-18	  1.180000e-18	  1.250000e-18	  1.150000e-18
			  1.220000e-18	  1.040000e-18	  1.080000e-18	  9.270000e-19	  9.510000e-19
			  1.050000e-18	  1.060000e-18	  1.040000e-18	  1.060000e-18	  1.200000e-18
			  1.110000e-18	  1.250000e-18	  1.200000e-18	  9.840000e-19	  1.220000e-18
			  5.840000e-19	  6.030000e-19	  5.760000e-19	  2.240000e-19	  6.750000e-20
			  2.830000e-20	  1.140000e-20	  2.500000e-19	  1.930000e-19	  1.030000e-19
			  5.100000e-20	  2.000000e-22
			</Cross>
		</Process>
		<Process name="CH4+hv->CH3+" electrons="1" threshold="19.">
			<Species>
				<Specie name="CH3+" state="X"/>
				<Specie name="H" state="X"/>
			</Species>
			<legend>CH$_3$$^+$ + H + e</legend>
			<Proc>CH$_3$$^+$ + H + e</Proc>
			<Section>ionization</Section> <!-- total | elastic | ionization | dissociation | excitation | emission -->
			<Source type="review"> PHIDRATES  </Source> <!-- types : measurement, bratio, theory, review, adaptation, unknown -->
			<Notes>Adapted nm -> eV, website. Estimate of uncertainty.  \cite{Huebner2015}.</Notes>
			<EstimatedUncertainty/>
			<Egrid unit="eV">
			      4.475964	      5.224787	      5.904010	      6.701849	      7.749013
			      7.797748	      7.847101	      7.897083	      7.947705	      7.998981
			      8.050922	      8.103542	      8.156855	      8.210874	      8.265613
			      8.321087	      8.377311	      8.434299	      8.492068	      8.550634
			      8.610014	      8.670224	      8.731282	      8.793206	      8.856014
			      8.919727	      8.984362	      9.049942	      9.103098	      9.280254
			      9.322120	      9.364366	      9.493430	      9.501433	      9.521133
			      9.723488	      9.972187	     10.182671	     10.198585	     10.200263
			     10.272947	     10.325993	     10.325993	     10.336323	     10.427603
			     10.467218	     10.480490	     10.538394	     10.539289	     10.547359
			     10.761583	     10.762517	     10.923718	     10.929496	     11.421852
			     11.428168	     11.431330	     11.567848	     11.631879	     11.956046
			     11.964122	     12.096020	     12.504710	     12.526187	     12.538855
			     12.654031	     12.677321	     12.690297	     12.894873	     12.935232
			     12.975845	     12.985358	     13.024919	     13.120021	     13.301599
			     13.479474	     13.535393	     13.684790	     13.971625	     14.039656
			     14.109958	     14.161531	     14.233062	     14.445322	     14.576087
			     14.693553	     14.760024	     14.884058	     14.992044	     15.382655
			     15.562219	     16.039353	     16.116496	     16.228298	     16.610959
			     17.255978	     17.750064	     18.010488	     18.078769	     18.249073
			     18.461018	     18.466518	     18.731561	     18.776950	     19.454605
			     19.701923	     20.117508	     20.520391	     20.677819	     21.350818
			     21.573725	     22.339495	     23.002635	     23.235420	     23.415335
			     23.580107	     24.387136	     26.101937	     26.976545	     27.430133
			     28.567788	     29.604632	     33.150856	     34.155427	     34.593806
			     40.824564	     44.598633	     49.593680	     78.471013	    123.984200
			    196.800317	    290.361124	    309.960500	     311.518090	    392.355063
			    525.356780	  12398.420000
			</Egrid>
			<Cross unit="cm2" uncertainty="30%">
			  0.000000e+00	  0.000000e+00	  0.000000e+00	  0.000000e+00	  0.000000e+00
			  0.000000e+00	  0.000000e+00	  0.000000e+00	  0.000000e+00	  0.000000e+00
			  0.000000e+00	  0.000000e+00	  0.000000e+00	  0.000000e+00	  0.000000e+00
			  0.000000e+00	  0.000000e+00	  0.000000e+00	  0.000000e+00	  0.000000e+00
			  0.000000e+00	  0.000000e+00	  0.000000e+00	  0.000000e+00	  0.000000e+00
			  0.000000e+00	  0.000000e+00	  0.000000e+00	  0.000000e+00	  0.000000e+00
			  0.000000e+00	  0.000000e+00	  0.000000e+00	  0.000000e+00	  0.000000e+00
			  0.000000e+00	  0.000000e+00	  0.000000e+00	  0.000000e+00	  0.000000e+00
			  0.000000e+00	  0.000000e+00	  0.000000e+00	  0.000000e+00	  0.000000e+00
			  0.000000e+00	  0.000000e+00	  0.000000e+00	  0.000000e+00	  0.000000e+00
			  0.000000e+00	  0.000000e+00	  0.000000e+00	  0.000000e+00	  0.000000e+00
			  0.000000e+00	  0.000000e+00	  0.000000e+00	  0.000000e+00	  0.000000e+00
			  0.000000e+00	  0.000000e+00	  0.000000e+00	  0.000000e+00	  0.000000e+00
			  0.000000e+00	  0.000000e+00	  0.000000e+00	  0.000000e+00	  0.000000e+00
			  0.000000e+00	  0.000000e+00	  0.000000e+00	  0.000000e+00	  0.000000e+00
			  0.000000e+00	  0.000000e+00	  0.000000e+00	  0.000000e+00	  0.000000e+00
			  0.000000e+00	  0.000000e+00	  0.000000e+00	  9.220000e-18	  1.120000e-17
			  1.330000e-17	  1.310000e-17	  1.560000e-17	  1.710000e-17	  1.980000e-17
			  2.100000e-17	  2.250000e-17	  2.120000e-17	  2.350000e-17	  2.050000e-17
			  2.080000e-17	  1.880000e-17	  2.010000e-17	  1.960000e-17	  1.800000e-17
			  1.970000e-17	  1.880000e-17	  1.770000e-17	  1.820000e-17	  1.760000e-17
			  1.760000e-17	  1.710000e-17	  1.490000e-17	  1.570000e-17	  1.390000e-17
			  1.480000e-17	  1.240000e-17	  1.220000e-17	  1.030000e-17	  1.050000e-17
			  1.150000e-17	  1.110000e-17	  9.290000e-18	  8.460000e-18	  9.040000e-18
			  7.270000e-18	  7.440000e-18	  5.470000e-18	  3.990000e-18	  4.710000e-18
			  1.400000e-18	  1.350000e-18	  1.200000e-18	  3.620000e-19	  9.230000e-20
			  3.460000e-20	  1.290000e-20	  2.870000e-19	  2.190000e-19	  1.140000e-19
			  5.490000e-20	  2.000000e-22
			</Cross>
		</Process>

		<Process name="CH4 + ph -> .74 x CH4++(X-C-KSHELL) 0.26 x CH4+(X) 0.26 x Fluo-auger(X-C) "  electrons="1" threshold="282">
			<Species>
				<Specie name="CH4++" state="X-C-KSHELL" number="0.74"/>
				<Specie name="CH4+" state="X" number="0.26"/>
				<Specie name="Fluo-auger" state="X-C" number="0.26"/>
			</Species>
			<legend>CH$_4$$^{2+}$,CH$_4$$^{+}$ + e + $\lambda$ Auger (C)</legend>
			<Proc>CH$_4$$^{2+}$,CH$_4$$^{+}$ + e + $\lambda$ Auger (C)</Proc>
			<Section>ionization</Section> <!-- total | elastic | ionization | dissociation | excitation | emission -->
			<Source type="review"> Avakyan 98 </Source> <!-- types : measurement, bratio, theory, review, adaptation, unknown -->
			<Notes>Adapted nm -> eV, Torr box</Notes>
			<Recommended/>
			<Auger energy="229" fact=".74"/>
			<Emin>340</Emin>
			<Emax>8260</Emax>
			<texnote title="CH$_4$ Auger, Avakyan (1998)">K-shell hotoionization of CH$_4$ from \cite{Avakyan1998}. Claimed uncertainty of 20\%. The rate for the double ionization (including the following dissociation, not studied) is 74\%, letting 26\% of Auger fluorescence. The energy of the Auger electron (ejected in the double ionization cases) is 229 eV. The reported values in \cite{Avakyan1998} were in nm, following the Torr boxes, and were adapted in eV for the database.  </texnote>
			<Egrid unit="eV">
			  8.265613e+03	  3.475315e+03	  2.183813e+03	  1.119302e+03	  6.139314e+02
			  4.695054e+02	  3.408657e+02	  
			</Egrid>
			<Cross unit="cm2" uncertainty="20%" >
			  3.200000e-22	  1.230000e-21	  6.200000e-21	  5.900000e-20	  1.660000e-19
			  3.500000e-19	  7.700000e-19	 
			</Cross>
		 </Process>

		<Process name="CH4+hv->CH4+" electrons="1" threshold="12.1">
			<Species>
				<Specie name="CH4+" state="X"/>
			</Species>
			<legend>CH$_{4}$$^+$ + e + no Auger</legend>	
			<Proc>CH$_4$$^+$ + e</Proc>
			<Section>ionization</Section> <!-- total | elastic | ionization | dissociation | excitation | emission -->
			<Source type="adaptation"> PHIDRATES+Avakyan </Source> <!-- types : measurement, bratio, theory, review, adaptation, unknown -->
			<Notes>Adapted nm -> eV, website. No effect of auger. Adapted from PHIDRATES  \cite{Huebner2015} and Avakyan \cite{Avakyan1998}  to take away the Auger process</Notes>
			<Recommended/>
			<EstimatedUncertainty/>

			<Egrid unit="eV">
			     12.975845	     12.985358	     13.024919	     13.120021	     13.301599
			     13.479474	     13.535393	     13.684790	     13.971625	     14.039656
			     14.109958	     14.161531	     14.233062	     14.445322	     14.576087
			     14.693553	     14.760024	     14.884058	     14.992044	     15.382655
			     15.562219	     16.039353	     16.116496	     16.228298	     16.610959
			     17.255978	     17.750064	     18.010488	     18.078769	     18.249073
			     18.461018	     18.466518	     18.731561	     18.776950	     19.454605
			     19.701923	     20.117508	     20.520391	     20.677819	     21.350818
			     21.573725	     22.339495	     23.002635	     23.235420	     23.415335
			     23.580107	     24.387136	     26.101937	     26.976545	     27.430133
			     28.567788	     29.604632	     33.150856	     34.155427	     34.593806
			     40.824564	     44.598633	     49.593680	     78.471013	    123.984200
			    196.800317	    290.361124	    309.960500	    311.518090	    392.355063
			    525.356780	  12398.420000
			</Egrid>
			<Cross unit="cm2" uncertainty="30%">
			  0.000000e+00	  0.000000e+00	  0.000000e+00	  0.000000e+00	  9.930000e-18
			  1.400000e-17	  1.350000e-17	  1.720000e-17	  2.390000e-17	  2.500000e-17
			  2.500000e-17	  2.720000e-17	  2.790000e-17	  2.360000e-17	  2.400000e-17
			  2.460000e-17	  2.250000e-17	  2.320000e-17	  2.260000e-17	  2.250000e-17
			  2.210000e-17	  2.190000e-17	  2.060000e-17	  2.280000e-17	  1.970000e-17
			  1.990000e-17	  1.780000e-17	  1.900000e-17	  1.850000e-17	  1.690000e-17
			  1.850000e-17	  1.760000e-17	  1.660000e-17	  1.700000e-17	  1.630000e-17
			  1.620000e-17	  1.560000e-17	  1.360000e-17	  1.430000e-17	  1.270000e-17
			  1.360000e-17	  1.150000e-17	  1.150000e-17	  9.800000e-18	  9.990000e-18
			  1.100000e-17	  1.070000e-17	  9.100000e-18	  8.370000e-18	  8.990000e-18
			  7.270000e-18	  7.450000e-18	  5.470000e-18	  4.000000e-18	  4.730000e-18
			  1.440000e-18	  1.380000e-18	  1.220000e-18	  3.670000e-19	  9.320000e-20
			  3.490000e-20	  1.300000e-20	  1.2E-20	  1E-20			7E-21	
			  3.4E-21	1E-23
			</Cross>
		</Process>

		 <!-- Emissions -->
		 <Process name="CH4 + ph -> 1 x CH4+(A)"  electrons="0" threshold="24">
			<Species>
				<Specie name="CH4+" state="A-NOTOT" number="1"/>
			</Species>
			<legend>CH$_4$$^+$(A) + e</legend>
			<Proc>CH$_4$$^+$(A) + e</Proc>
			<Section>emission</Section> <!-- total | elastic | ionization | dissociation | excitation | emission -->
			<Source type="review"> Avakyan 98 </Source> <!-- types : measurement, bratio, theory, review, adaptation, unknown -->
